<?xml version="1.0" encoding="utf-8"?>
<COLLADA xmlns="http://www.collada.org/2005/11/COLLADASchema" version="1.4.1">
  <asset>
    <contributor>
      <author>Mixamo</author>
      <authoring_tool>COLLADA Mixamo exporter</authoring_tool>
      <comments/>
    </contributor>
    <created>2024-07-24T02:24:41Z</created>
    <modified>2024-07-24T02:24:41Z</modified>
    <revision/>
    <title/>
    <unit meter="0.010000"/>
    <up_axis>Y_UP</up_axis>
  </asset>
  <library_animations>
    <animation id="mixamorig_Hips-anim" name="mixamorig_Hips">
      <source id="mixamorig_Hips-Matrix-animation-input">
        <float_array id="mixamorig_Hips-Matrix-animation-input-array" count="72">

0.000000 0.033333 0.066667 0.100000 0.133333 0.166667 0.200000 0.233333 0.266667 0.300000 0.333333 0.366667 0.400000 0.433333 0.466667 0.500000
0.533333 0.566667 0.600000 0.633333 0.666667 0.700000 0.733333 0.766667 0.800000 0.833333 0.866667 0.900000 0.933333 0.966667 1.000000 1.033333
1.066667 1.100000 1.133333 1.166667 1.200000 1.233333 1.266667 1.300000 1.333333 1.366667 1.400000 1.433333 1.466667 1.500000 1.533333 1.566667
1.600000 1.633333 1.666667 1.700000 1.733333 1.766667 1.800000 1.833333 1.866667 1.900000 1.933333 1.966667 2.000000 2.033333 2.066667 2.100000
2.133333 2.166667 2.200000 2.233333 2.266667 2.300000 2.333333 2.366667</float_array>
        <technique_common>
          <accessor source="#mixamorig_Hips-Matrix-animation-input-array" count="72">
            <param name="TIME" type="float"/>
          </accessor>
        </technique_common>
      </source>
      <source id="mixamorig_Hips-Matrix-animation-output-transform">
        <float_array id="mixamorig_Hips-Matrix-animation-output-transform-array" count="1152">

0.959340 0.035770 0.279978 -0.001468 -0.015446 0.997104 -0.074464 1.031044 -0.281830 0.067112 0.957114 -0.017201 0.000000 0.000000 0.000000 1.000000
0.940552 0.079537 0.330207 0.000237 -0.050362 0.994106 -0.096000 1.031232 -0.335896 0.073663 0.939014 -0.015137 0.000000 0.000000 0.000000 1.000000
0.929157 0.119875 0.349711 0.001437 -0.083995 0.989682 -0.116079 1.030080 -0.360017 0.078482 0.929639 -0.013394 0.000000 0.000000 0.000000 1.000000
0.929902 0.151839 0.335003 0.002778 -0.113684 0.984866 -0.130821 1.026047 -0.349797 0.083566 0.933091 -0.011765 0.000000 0.000000 0.000000 1.000000
0.941698 0.173650 0.288185 0.005758 -0.138257 0.980582 -0.139085 1.023644 -0.306741 0.091132 0.947420 -0.010113 0.000000 0.000000 0.000000 1.000000
0.956485 0.191582 0.220076 0.012786 -0.163422 0.976588 -0.139887 1.021673 -0.241723 0.097834 0.965401 -0.008116 0.000000 0.000000 0.000000 1.000000
0.972929 0.194879 0.124225 0.023489 -0.178746 0.975266 -0.130026 1.019318 -0.146491 0.104301 0.983698 -0.006082 0.000000 0.000000 0.000000 1.000000
0.981661 0.188279 0.029880 0.035559 -0.183670 0.976086 -0.116284 1.015634 -0.051059 0.108664 0.992766 -0.004044 0.000000 0.000000 0.000000 1.000000
0.984948 0.165269 -0.050634 0.050559 -0.169521 0.980820 -0.096199 1.011568 0.033764 0.103334 0.994073 -0.002756 0.000000 0.000000 0.000000 1.000000
0.986310 0.118695 -0.114469 0.070120 -0.127842 0.988866 -0.076159 1.006507 0.104155 0.089750 0.990503 -0.001192 0.000000 0.000000 0.000000 1.000000
0.987516 0.049088 -0.149672 0.092236 -0.059252 0.996175 -0.064223 0.997170 0.145947 0.072290 0.986648 -0.000371 0.000000 0.000000 0.000000 1.000000
0.987677 -0.032010 -0.153197 0.114791 0.023383 0.998055 -0.057785 0.988216 0.154749 0.053490 0.986505 -0.000330 0.000000 0.000000 0.000000 1.000000
0.985035 -0.108353 -0.134039 0.135522 0.102324 0.993438 -0.051095 0.981816 0.138695 0.036615 0.989658 0.000190 0.000000 0.000000 0.000000 1.000000
0.979927 -0.171958 -0.100868 0.151622 0.168156 0.984727 -0.045117 0.977711 0.107086 0.027250 0.993876 0.001793 0.000000 0.000000 0.000000 1.000000
0.973736 -0.222447 -0.048527 0.161581 0.220873 0.974647 -0.035764 0.975131 0.055252 0.024107 0.998181 0.003407 0.000000 0.000000 0.000000 1.000000
0.964280 -0.263406 0.027944 0.165277 0.263880 0.964441 -0.014838 0.973442 -0.023042 0.021682 0.999499 0.004290 0.000000 0.000000 0.000000 1.000000
0.949067 -0.293060 0.115700 0.162885 0.293307 0.955896 0.015272 0.971437 -0.115073 0.019441 0.993167 0.004607 0.000000 0.000000 0.000000 1.000000
0.929326 -0.306970 0.205236 0.155589 0.304236 0.951507 0.045559 0.969025 -0.209269 0.020101 0.977651 0.004440 0.000000 0.000000 0.000000 1.000000
0.903686 -0.303522 0.302037 0.144748 0.296256 0.952483 0.070775 0.965901 -0.309167 0.025522 0.950665 0.003172 0.000000 0.000000 0.000000 1.000000
0.872179 -0.279239 0.401657 0.131291 0.267325 0.959697 0.086715 0.962648 -0.409683 0.031742 0.911675 0.001285 0.000000 0.000000 0.000000 1.000000
0.841687 -0.235085 0.486105 0.115952 0.219762 0.971459 0.089291 0.959892 -0.493222 0.031672 0.869327 -0.000194 0.000000 0.000000 0.000000 1.000000
0.821609 -0.176863 0.541921 0.098999 0.163771 0.983810 0.072784 0.959055 -0.546020 0.028951 0.837272 -0.001574 0.000000 0.000000 0.000000 1.000000
0.816837 -0.101658 0.567841 0.080347 0.101030 0.994346 0.032682 0.961561 -0.567953 0.030673 0.822489 -0.003156 0.000000 0.000000 0.000000 1.000000
0.820611 -0.009935 0.571400 0.060300 0.026876 0.999414 -0.021221 0.967848 -0.570854 0.032771 0.820397 -0.004071 0.000000 0.000000 0.000000 1.000000
0.821849 0.079106 0.564186 0.040214 -0.049060 0.996461 -0.068251 0.978032 -0.567588 0.028414 0.822822 -0.004493 0.000000 0.000000 0.000000 1.000000
0.820167 0.142607 0.554067 0.021452 -0.108729 0.989639 -0.093769 0.989066 -0.561698 0.016663 0.827174 -0.005760 0.000000 0.000000 0.000000 1.000000
0.826854 0.177740 0.533593 0.005406 -0.145325 0.984051 -0.102592 0.998308 -0.543317 0.007284 0.839496 -0.007753 0.000000 0.000000 0.000000 1.000000
0.852643 0.193183 0.485468 -0.007200 -0.162746 0.981110 -0.104578 1.004506 -0.496501 0.010160 0.867977 -0.009719 0.000000 0.000000 0.000000 1.000000
0.893984 0.195862 0.403028 -0.015639 -0.169951 0.980419 -0.099479 1.007365 -0.414620 0.020438 0.909765 -0.011773 0.000000 0.000000 0.000000 1.000000
0.935480 0.193256 0.295854 -0.019401 -0.174911 0.980685 -0.087536 1.010944 -0.307057 0.030140 0.951214 -0.013232 0.000000 0.000000 0.000000 1.000000
0.966228 0.187863 0.176386 -0.019719 -0.178144 0.981543 -0.069553 1.014668 -0.186197 0.035782 0.981861 -0.013349 0.000000 0.000000 0.000000 1.000000
0.983489 0.173141 0.052651 -0.019018 -0.171343 0.984518 -0.036967 1.017837 -0.058236 0.027335 0.997929 -0.011729 0.000000 0.000000 0.000000 1.000000
0.986004 0.153130 -0.065928 -0.018588 -0.153611 0.988129 -0.002265 1.020084 0.064798 0.012361 0.997822 -0.009913 0.000000 0.000000 0.000000 1.000000
0.975731 0.133667 -0.173443 -0.018199 -0.133536 0.990965 0.012481 1.021142 0.173544 0.010983 0.984765 -0.009011 0.000000 0.000000 0.000000 1.000000
0.957069 0.108718 -0.268700 -0.018399 -0.109359 0.993922 0.012627 1.021377 0.268440 0.017300 0.963141 -0.008346 0.000000 0.000000 0.000000 1.000000
0.934928 0.071698 -0.347520 -0.019126 -0.075015 0.997175 0.003918 1.018665 0.346819 0.022406 0.937665 -0.008518 0.000000 0.000000 0.000000 1.000000
0.915808 0.025750 -0.400791 -0.019385 -0.034927 0.999268 -0.015609 1.017158 0.400096 0.028293 0.916037 -0.010560 0.000000 0.000000 0.000000 1.000000
0.905514 -0.017294 -0.423965 -0.017793 0.001951 0.999328 -0.036598 1.017916 0.424313 0.032313 0.904939 -0.014308 0.000000 0.000000 0.000000 1.000000
0.909215 -0.052845 -0.412958 -0.015317 0.036333 0.998199 -0.047742 1.018465 0.414737 0.028403 0.909498 -0.019399 0.000000 0.000000 0.000000 1.000000
0.927510 -0.083603 -0.364329 -0.015022 0.070689 0.996311 -0.048664 1.017768 0.367053 0.019382 0.929998 -0.025842 0.000000 0.000000 0.000000 1.000000
0.952160 -0.109732 -0.285220 -0.018505 0.101132 0.993866 -0.044757 1.016273 0.288382 0.013771 0.957416 -0.032158 0.000000 0.000000 0.000000 1.000000
0.974340 -0.123955 -0.187874 -0.025160 0.118927 0.992181 -0.037845 1.013579 0.191097 0.014530 0.981464 -0.036500 0.000000 0.000000 0.000000 1.000000
0.988654 -0.123183 -0.085959 -0.034878 0.121112 0.992217 -0.028930 1.008828 0.088854 0.018191 0.995879 -0.038201 0.000000 0.000000 0.000000 1.000000
0.993752 -0.110995 0.011685 -0.047865 0.111258 0.993477 -0.025002 1.003272 -0.008834 0.026146 0.999619 -0.037446 0.000000 0.000000 0.000000 1.000000
0.991149 -0.087406 0.099915 -0.063306 0.090847 0.995400 -0.030415 0.998420 -0.096797 0.039222 0.994531 -0.034724 0.000000 0.000000 0.000000 1.000000
0.984629 -0.049463 0.167509 -0.079705 0.057380 0.997437 -0.042750 0.994799 -0.164965 0.051704 0.984943 -0.030966 0.000000 0.000000 0.000000 1.000000
0.980172 0.003886 0.198110 -0.095670 0.008135 0.998175 -0.059830 0.991932 -0.197981 0.060255 0.978352 -0.027755 0.000000 0.000000 0.000000 1.000000
0.980974 0.066063 0.182556 -0.110637 -0.052291 0.995482 -0.079254 0.989902 -0.186967 0.068200 0.979996 -0.025887 0.000000 0.000000 0.000000 1.000000
0.983484 0.126974 0.128983 -0.123887 -0.115227 0.988805 -0.094804 0.989601 -0.139577 0.078376 0.987105 -0.024871 0.000000 0.000000 0.000000 1.000000
0.981646 0.181091 0.059818 -0.134920 -0.174593 0.979527 -0.100222 0.991004 -0.076743 0.087939 0.993165 -0.023867 0.000000 0.000000 0.000000 1.000000
0.974228 0.225462 -0.006846 -0.143887 -0.225075 0.969661 -0.095382 0.991699 -0.014867 0.094465 0.995417 -0.022535 0.000000 0.000000 0.000000 1.000000
0.963712 0.256578 -0.073666 -0.150586 -0.262319 0.961388 -0.083198 0.988884 0.049475 0.099503 0.993807 -0.021457 0.000000 0.000000 0.000000 1.000000
0.950469 0.272926 -0.148729 -0.153303 -0.284725 0.956441 -0.064446 0.986318 0.124662 0.103601 0.986776 -0.020464 0.000000 0.000000 0.000000 1.000000
0.931611 0.277579 -0.234630 -0.151495 -0.294639 0.954756 -0.040356 0.984162 0.212812 0.106727 0.971247 -0.019485 0.000000 0.000000 0.000000 1.000000
0.902943 0.273577 -0.331435 -0.145127 -0.294634 0.955508 -0.013979 0.982027 0.312865 0.110275 0.943374 -0.018182 0.000000 0.000000 0.000000 1.000000
0.864755 0.256384 -0.431817 -0.134497 -0.279965 0.959965 0.009305 0.979919 0.416915 0.112847 0.901913 -0.016101 0.000000 0.000000 0.000000 1.000000
0.822678 0.224503 -0.522302 -0.120285 -0.247726 0.968479 0.026091 0.978036 0.511696 0.107923 0.852361 -0.013399 0.000000 0.000000 0.000000 1.000000
0.781513 0.184220 -0.596071 -0.103495 -0.204912 0.978202 0.033659 0.976554 0.589278 0.095836 0.802226 -0.011008 0.000000 0.000000 0.000000 1.000000
0.748112 0.138558 -0.648945 -0.084972 -0.157994 0.987026 0.028604 0.976181 0.644489 0.081131 0.760297 -0.009737 0.000000 0.000000 0.000000 1.000000
0.732684 0.083944 -0.675372 -0.066519 -0.104004 0.994518 0.010782 0.976480 0.672575 0.062341 0.737398 -0.009711 0.000000 0.000000 0.000000 1.000000
0.736776 0.023480 -0.675729 -0.048069 -0.045491 0.998854 -0.014893 0.979239 0.674605 0.041712 0.736999 -0.011175 0.000000 0.000000 0.000000 1.000000
0.755833 -0.032945 -0.653935 -0.030856 0.008305 0.999135 -0.040736 0.985090 0.654712 0.025359 0.755453 -0.013489 0.000000 0.000000 0.000000 1.000000
0.787027 -0.076323 -0.612179 -0.016416 0.050132 0.996948 -0.059844 0.992328 0.614878 0.016409 0.788451 -0.016291 0.000000 0.000000 0.000000 1.000000
0.828661 -0.103555 -0.550089 -0.006107 0.078484 0.994525 -0.068991 0.999682 0.554222 0.013998 0.832251 -0.019720 0.000000 0.000000 0.000000 1.000000
0.876864 -0.117286 -0.466211 -0.000842 0.096316 0.992980 -0.068652 1.006883 0.470991 0.015295 0.882006 -0.023149 0.000000 0.000000 0.000000 1.000000
0.924924 -0.120887 -0.360418 0.000450 0.105912 0.992497 -0.061094 1.014737 0.365099 0.018335 0.930788 -0.025708 0.000000 0.000000 0.000000 1.000000
0.963746 -0.117831 -0.239393 -0.000591 0.108165 0.992710 -0.053170 1.022501 0.243913 0.025348 0.969466 -0.027146 0.000000 0.000000 0.000000 1.000000
0.987564 -0.107209 -0.114998 -0.002369 0.102003 0.993514 -0.050257 1.028892 0.119640 0.037902 0.992094 -0.027209 0.000000 0.000000 0.000000 1.000000
0.996383 -0.084888 0.003835 -0.003680 0.084974 0.995199 -0.048558 1.033031 0.000306 0.048708 0.998813 -0.025109 0.000000 0.000000 0.000000 1.000000
0.992437 -0.050668 0.111810 -0.003965 0.056405 0.997217 -0.048758 1.034229 -0.109028 0.054696 0.992533 -0.022400 0.000000 0.000000 0.000000 1.000000
0.978699 -0.008714 0.205114 -0.003109 0.020945 0.998124 -0.057537 1.032728 -0.204228 0.060608 0.977045 -0.019639 0.000000 0.000000 0.000000 1.000000
0.959340 0.035770 0.279978 -0.001468 -0.015446 0.997104 -0.074464 1.031044 -0.281830 0.067112 0.957114 -0.017201 0.000000 0.000000 0.000000 1.000000</float_array>
        <technique_common>
          <accessor source="#mixamorig_Hips-Matrix-animation-output-transform-array" count="72" stride="16">
            <param type="float4x4"/>
          </accessor>
        </technique_common>
      </source>
      <source id="mixamorig_Hips-Interpolations">
        <Name_array id="mixamorig_Hips-Interpolations-array" count="72">
 LINEAR LINEAR LINEAR LINEAR LINEAR LINEAR LINEAR LINEAR LINEAR LINEAR LINEAR
LINEAR LINEAR LINEAR LINEAR LINEAR LINEAR LINEAR LINEAR LINEAR LINEAR LINEAR LINEAR
LINEAR LINEAR LINEAR LINEAR LINEAR LINEAR LINEAR LINEAR LINEAR LINEAR LINEAR LINEAR
LINEAR LINEAR LINEAR LINEAR LINEAR LINEAR LINEAR LINEAR LINEAR LINEAR LINEAR LINEAR
LINEAR LINEAR LINEAR LINEAR LINEAR LINEAR LINEAR LINEAR LINEAR LINEAR LINEAR LINEAR
LINEAR LINEAR LINEAR LINEAR LINEAR LINEAR LINEAR LINEAR LINEAR LINEAR LINEAR LINEAR
LINEAR</Name_array>
        <technique_common>
          <accessor source="#mixamorig_Hips-Interpolations-array" count="72">
            <param type="name"/>
          </accessor>
        </technique_common>
      </source>
      <sampler id="mixamorig_Hips-Matrix-animation-transform">
        <input semantic="INPUT" source="#mixamorig_Hips-Matrix-animation-input"/>
        <input semantic="OUTPUT" source="#mixamorig_Hips-Matrix-animation-output-transform"/>
        <input semantic="INTERPOLATION" source="#mixamorig_Hips-Interpolations"/>
      </sampler>
      <channel source="#mixamorig_Hips-Matrix-animation-transform" target="mixamorig_Hips/matrix"/>
    </animation>
    <animation id="mixamorig_Spine-anim" name="mixamorig_Spine">
      <source id="mixamorig_Spine-Matrix-animation-input">
        <float_array id="mixamorig_Spine-Matrix-animation-input-array" count="72">

0.000000 0.033333 0.066667 0.100000 0.133333 0.166667 0.200000 0.233333 0.266667 0.300000 0.333333 0.366667 0.400000 0.433333 0.466667 0.500000
0.533333 0.566667 0.600000 0.633333 0.666667 0.700000 0.733333 0.766667 0.800000 0.833333 0.866667 0.900000 0.933333 0.966667 1.000000 1.033333
1.066667 1.100000 1.133333 1.166667 1.200000 1.233333 1.266667 1.300000 1.333333 1.366667 1.400000 1.433333 1.466667 1.500000 1.533333 1.566667
1.600000 1.633333 1.666667 1.700000 1.733333 1.766667 1.800000 1.833333 1.866667 1.900000 1.933333 1.966667 2.000000 2.033333 2.066667 2.100000
2.133333 2.166667 2.200000 2.233333 2.266667 2.300000 2.333333 2.366667</float_array>
        <technique_common>
          <accessor source="#mixamorig_Spine-Matrix-animation-input-array" count="72">
            <param name="TIME" type="float"/>
          </accessor>
        </technique_common>
      </source>
      <source id="mixamorig_Spine-Matrix-animation-output-transform">
        <float_array id="mixamorig_Spine-Matrix-animation-output-transform-array" count="1152">

0.985272 -0.023869 -0.169322 0.000000 0.045030 0.991476 0.122259 0.070400 0.164961 -0.128083 0.977948 0.002400 0.000000 0.000000 0.000000 1.000000
0.982552 -0.022700 -0.184599 -0.000000 0.050476 0.987819 0.147193 0.070400 0.179009 -0.153943 0.971729 0.002400 0.000000 0.000000 0.000000 1.000000
0.983318 -0.042659 -0.176824 -0.000000 0.071519 0.984488 0.160210 0.070400 0.167246 -0.170184 0.971116 0.002400 0.000000 0.000000 0.000000 1.000000
0.986852 -0.069922 -0.145721 0.000000 0.094295 0.981316 0.167715 0.070400 0.131271 -0.179250 0.975006 0.002400 0.000000 0.000000 0.000000 1.000000
0.990696 -0.093142 -0.099226 0.000000 0.109663 0.978129 0.176743 0.070400 0.080594 -0.185980 0.979243 0.002400 0.000000 0.000000 0.000000 1.000000
0.989572 -0.132221 -0.057134 -0.000000 0.140649 0.972553 0.185360 0.070400 0.031058 -0.191463 0.981008 0.002400 0.000000 0.000000 0.000000 1.000000
0.987986 -0.140983 -0.063307 0.000000 0.150533 0.970621 0.187708 0.070400 0.034983 -0.194983 0.980183 0.002400 0.000000 0.000000 0.000000 1.000000
0.986843 -0.152579 -0.053493 0.000000 0.159990 0.969281 0.186807 0.070400 0.023347 -0.192908 0.980939 0.002400 0.000000 0.000000 0.000000 1.000000
0.980946 -0.194222 0.004767 -0.000000 0.190091 0.964568 0.182959 0.070400 -0.040133 -0.178566 0.983109 0.002400 0.000000 0.000000 0.000000 1.000000
0.968392 -0.234033 0.086288 -0.000000 0.218114 0.962342 0.162246 0.070400 -0.121009 -0.138298 0.982970 0.002400 0.000000 0.000000 0.000000 1.000000
0.955947 -0.237928 0.171919 0.000000 0.218536 0.967875 0.124336 0.070400 -0.195979 -0.081288 0.977233 0.002400 0.000000 0.000000 0.000000 1.000000
0.946321 -0.217302 0.239285 0.000000 0.202645 0.975595 0.084550 0.070400 -0.251818 -0.031522 0.967261 0.002400 0.000000 0.000000 0.000000 1.000000
0.939886 -0.196666 0.279173 0.000000 0.186644 0.980449 0.062314 0.070400 -0.285970 -0.006462 0.958217 0.002400 0.000000 0.000000 0.000000 1.000000
0.938940 -0.173126 0.297354 0.000000 0.162820 0.984873 0.059285 0.070400 -0.303120 -0.007250 0.952925 0.002400 0.000000 0.000000 0.000000 1.000000
0.945486 -0.139683 0.294185 -0.000000 0.128860 0.990083 0.055960 0.070400 -0.299084 -0.015000 0.954109 0.002400 0.000000 0.000000 0.000000 1.000000
0.959683 -0.093754 0.264988 0.000000 0.086712 0.995502 0.038178 0.070400 -0.267375 -0.013661 0.963496 0.002400 0.000000 0.000000 0.000000 1.000000
0.975439 -0.035255 0.217431 0.000000 0.033997 0.999377 0.009528 0.070400 -0.217632 -0.001902 0.976029 0.002400 0.000000 0.000000 0.000000 1.000000
0.986853 0.026661 0.159408 -0.000000 -0.023630 0.999503 -0.020882 0.070400 -0.159885 0.016841 0.986992 0.002400 0.000000 0.000000 0.000000 1.000000
0.993140 0.077589 0.087479 0.000000 -0.073701 0.996180 -0.046830 0.070400 -0.090778 0.040061 0.995065 0.002400 0.000000 0.000000 0.000000 1.000000
0.994556 0.103875 0.008233 -0.000000 -0.103177 0.992757 -0.061548 0.070400 -0.014566 0.060363 0.998070 0.002400 0.000000 0.000000 0.000000 1.000000
0.992315 0.107339 -0.061556 0.000000 -0.111107 0.991906 -0.061457 0.070400 0.054461 0.067824 0.996210 0.002400 0.000000 0.000000 0.000000 1.000000
0.988801 0.100817 -0.110041 0.000000 -0.106275 0.993322 -0.044906 0.070400 0.104779 0.056098 0.992912 0.002400 0.000000 0.000000 0.000000 1.000000
0.986833 0.087990 -0.135717 0.000000 -0.090204 0.995871 -0.010244 0.070400 0.134255 0.022351 0.990695 0.002400 0.000000 0.000000 0.000000 1.000000
0.985536 0.072954 -0.152960 0.000000 -0.067749 0.996941 0.038975 0.070400 0.155335 -0.028048 0.987464 0.002400 0.000000 0.000000 0.000000 1.000000
0.982027 0.071342 -0.174736 -0.000000 -0.056624 0.994526 0.087818 0.070400 0.180045 -0.076345 0.980691 0.002400 0.000000 0.000000 0.000000 1.000000
0.977859 0.085434 -0.191032 0.000000 -0.065387 0.991900 0.108895 0.070400 0.198788 -0.093993 0.975525 0.002400 0.000000 0.000000 0.000000 1.000000
0.978306 0.097724 -0.182667 0.000000 -0.079419 0.991298 0.104984 0.070400 0.191337 -0.088200 0.977554 0.002400 0.000000 0.000000 0.000000 1.000000
0.984676 0.100980 -0.142185 -0.000000 -0.085936 0.990403 0.108246 0.070400 0.151751 -0.094368 0.983904 0.002400 0.000000 0.000000 0.000000 1.000000
0.992822 0.089236 -0.079637 0.000000 -0.079010 0.989202 0.123438 0.070400 0.089793 -0.116260 0.989152 0.002400 0.000000 0.000000 0.000000 1.000000
0.998530 0.053410 -0.009242 -0.000000 -0.051634 0.989140 0.137607 0.070400 0.016491 -0.136928 0.990444 0.002400 0.000000 0.000000 0.000000 1.000000
0.997712 -0.008158 0.067106 0.000000 -0.001677 0.989399 0.145214 0.070400 -0.067579 -0.144994 0.987122 0.002400 0.000000 0.000000 0.000000 1.000000
0.986420 -0.067584 0.149695 0.000000 0.048475 0.990613 0.127812 0.070400 -0.156927 -0.118820 0.980436 0.002400 0.000000 0.000000 0.000000 1.000000
0.967780 -0.106765 0.228040 0.000000 0.087682 0.991866 0.092267 0.070400 -0.236036 -0.069299 0.969270 0.002400 0.000000 0.000000 0.000000 1.000000
0.944148 -0.139558 0.298510 0.000000 0.123788 0.989751 0.071200 0.070400 -0.305387 -0.030272 0.951747 0.002400 0.000000 0.000000 0.000000 1.000000
0.916416 -0.163333 0.365382 0.000000 0.151749 0.986571 0.060416 0.070400 -0.370343 0.000080 0.928895 0.002400 0.000000 0.000000 0.000000 1.000000
0.892962 -0.166359 0.418263 -0.000000 0.159146 0.985866 0.052350 0.070400 -0.421061 0.019819 0.906816 0.002400 0.000000 0.000000 0.000000 1.000000
0.882395 -0.159894 0.442507 0.000000 0.150901 0.986977 0.055722 0.070400 -0.445654 0.017606 0.895032 0.002400 0.000000 0.000000 0.000000 1.000000
0.883650 -0.161775 0.439308 -0.000000 0.150278 0.986754 0.061095 0.070400 -0.443372 0.012032 0.896257 0.002400 0.000000 0.000000 0.000000 1.000000
0.895566 -0.165145 0.413145 0.000000 0.158291 0.986073 0.051037 0.070400 -0.415819 0.019690 0.909234 0.002400 0.000000 0.000000 0.000000 1.000000
0.917448 -0.156316 0.365862 0.000000 0.155649 0.987309 0.031522 0.070400 -0.366147 0.028026 0.930135 0.002400 0.000000 0.000000 0.000000 1.000000
0.943728 -0.129758 0.304203 0.000000 0.130344 0.991297 0.018471 0.070400 -0.303953 0.022219 0.952428 0.002400 0.000000 0.000000 0.000000 1.000000
0.968240 -0.093614 0.231835 0.000000 0.093879 0.995534 0.009912 0.070400 -0.231727 0.012167 0.972705 0.002400 0.000000 0.000000 0.000000 1.000000
0.987202 -0.054205 0.149980 0.000000 0.054631 0.998506 0.001279 0.070400 -0.149826 0.006931 0.988688 0.002400 0.000000 0.000000 0.000000 1.000000
0.998058 -0.007780 0.061802 0.000000 0.007456 0.999957 0.005467 0.070400 -0.061842 -0.004996 0.998073 0.002400 0.000000 0.000000 0.000000 1.000000
0.998676 0.042213 -0.029383 0.000000 -0.041302 0.998667 0.030954 0.070400 0.030651 -0.029700 0.999089 0.002400 0.000000 0.000000 0.000000 1.000000
0.989964 0.082754 -0.114556 0.000000 -0.075778 0.995070 0.063976 0.070400 0.119286 -0.054653 0.991355 0.002400 0.000000 0.000000 0.000000 1.000000
0.978599 0.101150 -0.179198 0.000000 -0.085957 0.992169 0.090624 0.070400 0.186961 -0.073281 0.979630 0.002400 0.000000 0.000000 0.000000 1.000000
0.970770 0.099949 -0.218210 0.000000 -0.076274 0.990506 0.114366 0.070400 0.227569 -0.094379 0.969177 0.002400 0.000000 0.000000 0.000000 1.000000
0.967181 0.088617 -0.238136 -0.000000 -0.056319 0.988665 0.139173 0.070400 0.247770 -0.121194 0.961209 0.002400 0.000000 0.000000 0.000000 1.000000
0.966971 0.067582 -0.245763 0.000000 -0.028233 0.986674 0.160242 0.070400 0.253317 -0.148011 0.955993 0.002400 0.000000 0.000000 0.000000 1.000000
0.968531 0.040000 -0.245659 0.000000 0.004073 0.984322 0.176333 0.070400 0.248861 -0.171785 0.953183 0.002400 0.000000 0.000000 0.000000 1.000000
0.972057 0.013244 -0.234373 0.000000 0.031333 0.982154 0.185451 0.070400 0.232646 -0.187613 0.954294 0.002400 0.000000 0.000000 0.000000 1.000000
0.978310 -0.014350 -0.206649 0.000000 0.053950 0.980820 0.187299 0.070400 0.199998 -0.194386 0.960320 0.002400 0.000000 0.000000 0.000000 1.000000
0.985695 -0.053086 -0.159963 0.000000 0.082608 0.979452 0.183983 0.070400 0.146909 -0.194566 0.969826 0.002400 0.000000 0.000000 0.000000 1.000000
0.989806 -0.108140 -0.092678 0.000000 0.123338 0.976245 0.178139 0.070400 0.071212 -0.187754 0.979631 0.002400 0.000000 0.000000 0.000000 1.000000
0.985987 -0.166735 -0.005459 0.000000 0.165216 0.971428 0.170388 0.070400 -0.023107 -0.168902 0.985362 0.002400 0.000000 0.000000 0.000000 1.000000
0.972855 -0.211706 0.093454 0.000000 0.195659 0.968129 0.156347 0.070400 -0.123575 -0.133818 0.983271 0.002400 0.000000 0.000000 0.000000 1.000000
0.953517 -0.235401 0.188124 0.000000 0.212161 0.967776 0.135637 0.070400 -0.213991 -0.089419 0.972734 0.002400 0.000000 0.000000 0.000000 1.000000
0.933923 -0.238967 0.265862 0.000000 0.216217 0.969873 0.112232 0.070400 -0.284672 -0.047332 0.957456 0.002400 0.000000 0.000000 0.000000 1.000000
0.919388 -0.224594 0.322930 0.000000 0.206800 0.974338 0.088879 0.070400 -0.334604 -0.014932 0.942240 0.002400 0.000000 0.000000 0.000000 1.000000
0.910512 -0.209823 0.356289 -0.000000 0.198376 0.977706 0.068827 0.070400 -0.362788 0.008012 0.931837 0.002400 0.000000 0.000000 0.000000 1.000000
0.907419 -0.209072 0.364527 0.000000 0.202245 0.977658 0.057280 0.070400 -0.368358 0.021747 0.929430 0.002400 0.000000 0.000000 0.000000 1.000000
0.909347 -0.221095 0.352429 0.000000 0.217700 0.974745 0.049787 0.070400 -0.354536 0.031450 0.934513 0.002400 0.000000 0.000000 0.000000 1.000000
0.916820 -0.234013 0.323541 0.000000 0.232075 0.971650 0.045149 0.070400 -0.324934 0.033693 0.945136 0.002400 0.000000 0.000000 0.000000 1.000000
0.931890 -0.229907 0.280578 -0.000000 0.226674 0.972959 0.044391 0.070400 -0.283197 0.022232 0.958804 0.002400 0.000000 0.000000 0.000000 1.000000
0.953625 -0.201093 0.223967 0.000000 0.196582 0.979566 0.042502 0.070400 -0.227937 0.003497 0.973670 0.002400 0.000000 0.000000 0.000000 1.000000
0.975644 -0.154765 0.155456 0.000000 0.150243 0.987819 0.040502 0.070400 -0.159831 -0.016159 0.987012 0.002400 0.000000 0.000000 0.000000 1.000000
0.991065 -0.105813 0.081204 0.000000 0.102372 0.993708 0.045440 0.070400 -0.085501 -0.036721 0.995661 0.002400 0.000000 0.000000 0.000000 1.000000
0.997838 -0.065550 0.004712 -0.000000 0.065193 0.996359 0.054946 0.070400 -0.008296 -0.054520 0.998478 0.002400 0.000000 0.000000 0.000000 1.000000
0.996813 -0.039449 -0.069332 0.000000 0.044231 0.996646 0.068845 0.070400 0.066384 -0.071692 0.995215 0.002400 0.000000 0.000000 0.000000 1.000000
0.991056 -0.028911 -0.130276 -0.000000 0.041256 0.994803 0.093081 0.070400 0.126908 -0.097623 0.987099 0.002400 0.000000 0.000000 0.000000 1.000000
0.985272 -0.023869 -0.169322 0.000000 0.045030 0.991476 0.122259 0.070400 0.164961 -0.128083 0.977948 0.002400 0.000000 0.000000 0.000000 1.000000</float_array>
        <technique_common>
          <accessor source="#mixamorig_Spine-Matrix-animation-output-transform-array" count="72" stride="16">
            <param type="float4x4"/>
          </accessor>
        </technique_common>
      </source>
      <source id="mixamorig_Spine-Interpolations">
        <Name_array id="mixamorig_Spine-Interpolations-array" count="72">
 LINEAR LINEAR LINEAR LINEAR LINEAR LINEAR LINEAR LINEAR LINEAR LINEAR LINEAR
LINEAR LINEAR LINEAR LINEAR LINEAR LINEAR LINEAR LINEAR LINEAR LINEAR LINEAR LINEAR
LINEAR LINEAR LINEAR LINEAR LINEAR LINEAR LINEAR LINEAR LINEAR LINEAR LINEAR LINEAR
LINEAR LINEAR LINEAR LINEAR LINEAR LINEAR LINEAR LINEAR LINEAR LINEAR LINEAR LINEAR
LINEAR LINEAR LINEAR LINEAR LINEAR LINEAR LINEAR LINEAR LINEAR LINEAR LINEAR LINEAR
LINEAR LINEAR LINEAR LINEAR LINEAR LINEAR LINEAR LINEAR LINEAR LINEAR LINEAR LINEAR
LINEAR</Name_array>
        <technique_common>
          <accessor source="#mixamorig_Spine-Interpolations-array" count="72">
            <param type="name"/>
          </accessor>
        </technique_common>
      </source>
      <sampler id="mixamorig_Spine-Matrix-animation-transform">
        <input semantic="INPUT" source="#mixamorig_Spine-Matrix-animation-input"/>
        <input semantic="OUTPUT" source="#mixamorig_Spine-Matrix-animation-output-transform"/>
        <input semantic="INTERPOLATION" source="#mixamorig_Spine-Interpolations"/>
      </sampler>
      <channel source="#mixamorig_Spine-Matrix-animation-transform" target="mixamorig_Spine/matrix"/>
    </animation>
    <animation id="mixamorig_Spine1-anim" name="mixamorig_Spine1">
      <source id="mixamorig_Spine1-Matrix-animation-input">
        <float_array id="mixamorig_Spine1-Matrix-animation-input-array" count="72">

0.000000 0.033333 0.066667 0.100000 0.133333 0.166667 0.200000 0.233333 0.266667 0.300000 0.333333 0.366667 0.400000 0.433333 0.466667 0.500000
0.533333 0.566667 0.600000 0.633333 0.666667 0.700000 0.733333 0.766667 0.800000 0.833333 0.866667 0.900000 0.933333 0.966667 1.000000 1.033333
1.066667 1.100000 1.133333 1.166667 1.200000 1.233333 1.266667 1.300000 1.333333 1.366667 1.400000 1.433333 1.466667 1.500000 1.533333 1.566667
1.600000 1.633333 1.666667 1.700000 1.733333 1.766667 1.800000 1.833333 1.866667 1.900000 1.933333 1.966667 2.000000 2.033333 2.066667 2.100000
2.133333 2.166667 2.200000 2.233333 2.266667 2.300000 2.333333 2.366667</float_array>
        <technique_common>
          <accessor source="#mixamorig_Spine1-Matrix-animation-input-array" count="72">
            <param name="TIME" type="float"/>
          </accessor>
        </technique_common>
      </source>
      <source id="mixamorig_Spine1-Matrix-animation-output-transform">
        <float_array id="mixamorig_Spine1-Matrix-animation-output-transform-array" count="1152">

0.999600 0.004363 -0.027945 0.000000 -0.006609 0.996708 -0.080808 0.082200 0.027500 0.080960 0.996338 0.000000 0.000000 0.000000 0.000000 1.000000
0.999155 -0.031887 -0.025950 -0.000000 0.029387 0.995360 -0.091624 0.082200 0.028751 0.090784 0.995455 0.000000 0.000000 0.000000 0.000000 1.000000
0.998651 -0.047050 -0.021980 0.000000 0.044852 0.994788 -0.091572 0.082200 0.026174 0.090463 0.995556 0.000000 0.000000 0.000000 0.000000 1.000000
0.998805 -0.046021 -0.016480 0.000000 0.044490 0.995504 -0.083621 0.082200 0.020254 0.082788 0.996361 0.000000 0.000000 0.000000 0.000000 1.000000
0.999021 -0.043405 -0.008551 0.000000 0.042645 0.996283 -0.074842 0.082200 0.011767 0.074404 0.997159 0.000000 0.000000 0.000000 0.000000 1.000000
0.999267 -0.038271 -0.000979 -0.000000 0.038113 0.996895 -0.068909 0.082200 0.003613 0.068822 0.997622 0.000000 0.000000 0.000000 0.000000 1.000000
0.998198 -0.059992 0.000926 0.000000 0.059870 0.994910 -0.081056 0.082200 0.003942 0.080966 0.996709 0.000000 0.000000 0.000000 0.000000 1.000000
0.997530 -0.070133 0.003947 -0.000000 0.070202 0.993391 -0.090807 0.082200 0.002448 0.090859 0.995861 0.000000 0.000000 0.000000 0.000000 1.000000
0.999226 -0.037878 0.010644 0.000000 0.038661 0.995476 -0.086789 0.082200 -0.007309 0.087134 0.996170 0.000000 0.000000 0.000000 0.000000 1.000000
0.999722 0.015101 0.018129 -0.000000 -0.013762 0.997322 -0.071822 0.082200 -0.019165 0.071553 0.997253 0.000000 0.000000 0.000000 0.000000 1.000000
0.997476 0.065879 0.026483 0.000000 -0.064448 0.996581 -0.051691 0.082200 -0.029797 0.049854 0.998312 0.000000 0.000000 0.000000 0.000000 1.000000
0.993204 0.111470 0.033479 0.000000 -0.110063 0.993066 -0.041300 0.082200 -0.037851 0.037335 0.998586 -0.000000 0.000000 0.000000 0.000000 1.000000
0.987855 0.150991 0.036671 0.000000 -0.149182 0.987650 -0.047871 0.082200 -0.043446 0.041819 0.998180 0.000000 0.000000 0.000000 0.000000 1.000000
0.983365 0.177964 0.036349 0.000000 -0.175587 0.982599 -0.060560 0.082200 -0.046494 0.053170 0.997503 -0.000000 0.000000 0.000000 0.000000 1.000000
0.980343 0.194469 0.033311 0.000000 -0.192016 0.979202 -0.065529 0.082200 -0.045362 0.057845 0.997294 0.000000 0.000000 0.000000 0.000000 1.000000
0.978129 0.206191 0.027368 0.000000 -0.204210 0.976961 -0.062010 0.082200 -0.039524 0.055065 0.997700 0.000000 0.000000 0.000000 0.000000 1.000000
0.977990 0.207649 0.020435 0.000000 -0.206288 0.976962 -0.054681 0.082200 -0.031319 0.049262 0.998295 0.000000 0.000000 0.000000 0.000000 1.000000
0.980602 0.195533 0.013682 0.000000 -0.194745 0.979812 -0.045199 0.082200 -0.022244 0.041658 0.998884 0.000000 0.000000 0.000000 0.000000 1.000000
0.984314 0.176341 0.005414 0.000000 -0.176056 0.983778 -0.034436 0.082200 -0.011399 0.032942 0.999392 0.000000 0.000000 0.000000 0.000000 1.000000
0.988030 0.154189 -0.004773 -0.000000 -0.154262 0.987660 -0.027025 0.082200 0.000548 0.027438 0.999623 -0.000000 0.000000 0.000000 0.000000 1.000000
0.991822 0.126753 -0.014954 0.000000 -0.127131 0.991495 -0.027844 0.082200 0.011298 0.029518 0.999500 0.000000 0.000000 0.000000 0.000000 1.000000
0.995076 0.096477 -0.022696 0.000000 -0.097227 0.994659 -0.034648 0.082200 0.019232 0.036685 0.999142 0.000000 0.000000 0.000000 0.000000 1.000000
0.997510 0.065288 -0.026670 0.000000 -0.066363 0.996926 -0.041656 0.082200 0.023868 0.043322 0.998776 0.000000 0.000000 0.000000 0.000000 1.000000
0.999296 0.024940 -0.028018 0.000000 -0.026353 0.998336 -0.051282 0.082200 0.026692 0.051984 0.998291 0.000000 0.000000 0.000000 0.000000 1.000000
0.999167 -0.030205 -0.027456 0.000000 0.028245 0.997206 -0.069159 0.082200 0.029469 0.068326 0.997228 0.000000 0.000000 0.000000 0.000000 1.000000
0.996031 -0.085590 -0.024416 -0.000000 0.083254 0.992943 -0.084454 0.082200 0.031472 0.082086 0.996128 -0.000000 0.000000 0.000000 0.000000 1.000000
0.992756 -0.118519 -0.019704 0.000000 0.116415 0.989454 -0.086189 0.082200 0.029711 0.083271 0.996084 -0.000000 0.000000 0.000000 0.000000 1.000000
0.991994 -0.125684 -0.012302 0.000000 0.124201 0.988607 -0.085026 0.082200 0.022849 0.082817 0.996303 -0.000000 0.000000 0.000000 0.000000 1.000000
0.992945 -0.118555 -0.002069 -0.000000 0.117898 0.988996 -0.089372 0.082200 0.012642 0.088497 0.995996 0.000000 0.000000 0.000000 0.000000 1.000000
0.994785 -0.101607 0.008887 -0.000000 0.101991 0.990241 -0.094981 0.082200 0.000850 0.095392 0.995439 0.000000 0.000000 0.000000 0.000000 1.000000
0.997365 -0.069857 0.019573 0.000000 0.071465 0.992482 -0.099355 0.082200 -0.012486 0.100492 0.994859 0.000000 0.000000 0.000000 0.000000 1.000000
0.999085 -0.030577 0.029912 0.000000 0.033385 0.994587 -0.098401 0.082200 -0.026741 0.099309 0.994697 0.000000 0.000000 0.000000 0.000000 1.000000
0.999200 0.006334 0.039491 0.000000 -0.002722 0.995860 -0.090863 0.082200 -0.039903 0.090683 0.995080 0.000000 0.000000 0.000000 0.000000 1.000000
0.997848 0.044411 0.048247 0.000000 -0.040378 0.995850 -0.081566 0.082200 -0.051670 0.079442 0.995499 0.000000 0.000000 0.000000 0.000000 1.000000
0.994758 0.085209 0.056540 0.000000 -0.081049 0.994093 -0.072180 0.082200 -0.062356 0.067219 0.995788 0.000000 0.000000 0.000000 0.000000 1.000000
0.990667 0.120971 0.062805 -0.000000 -0.116707 0.990860 -0.067645 0.082200 -0.070414 0.059684 0.995731 0.000000 0.000000 0.000000 0.000000 1.000000
0.986690 0.149529 0.063901 0.000000 -0.144802 0.986753 -0.073144 0.082200 -0.073992 0.062917 0.995272 0.000000 0.000000 0.000000 0.000000 1.000000
0.982533 0.176193 0.059871 -0.000000 -0.171161 0.981925 -0.080787 0.082200 -0.073023 0.069128 0.994932 0.000000 0.000000 0.000000 0.000000 1.000000
0.978348 0.200113 0.052813 0.000000 -0.195501 0.977311 -0.081498 0.082200 -0.067924 0.069408 0.995273 0.000000 0.000000 0.000000 0.000000 1.000000
0.975255 0.216798 0.043316 -0.000000 -0.212939 0.973812 -0.079668 0.082200 -0.059453 0.068473 0.995880 0.000000 0.000000 0.000000 0.000000 1.000000
0.974935 0.220116 0.032425 -0.000000 -0.217036 0.972951 -0.079124 0.082200 -0.048964 0.070103 0.996337 0.000000 0.000000 0.000000 0.000000 1.000000
0.977512 0.209766 0.021660 0.000000 -0.207730 0.975501 -0.072434 0.082200 -0.036324 0.066305 0.997138 0.000000 0.000000 0.000000 0.000000 1.000000
0.982197 0.187525 0.011136 0.000000 -0.186560 0.980657 -0.059222 0.082200 -0.022026 0.056090 0.998183 -0.000000 0.000000 0.000000 0.000000 1.000000
0.988135 0.153587 -0.000512 -0.000000 -0.153420 0.986892 -0.050071 0.082200 -0.007185 0.049556 0.998746 -0.000000 0.000000 0.000000 0.000000 1.000000
0.993549 0.112567 -0.013725 -0.000000 -0.113126 0.992277 -0.050888 0.082200 0.007890 0.052113 0.998610 0.000000 0.000000 0.000000 0.000000 1.000000
0.997383 0.067506 -0.025898 -0.000000 -0.068895 0.995987 -0.057132 0.082200 0.021938 0.058766 0.998031 0.000000 0.000000 0.000000 0.000000 1.000000
0.999226 0.020440 -0.033595 -0.000000 -0.022574 0.997668 -0.064416 0.082200 0.032200 0.065125 0.997357 0.000000 0.000000 0.000000 0.000000 1.000000
0.999068 -0.023598 -0.036145 -0.000000 0.020916 0.997123 -0.072861 0.082200 0.037760 0.072037 0.996687 0.000000 0.000000 0.000000 0.000000 1.000000
0.997517 -0.061147 -0.034944 0.000000 0.058096 0.994895 -0.082511 0.082200 0.039811 0.080276 0.995977 -0.000000 0.000000 0.000000 0.000000 1.000000
0.995555 -0.088716 -0.031618 0.000000 0.085441 0.991982 -0.093117 0.082200 0.039625 0.090002 0.995153 0.000000 0.000000 0.000000 0.000000 1.000000
0.994017 -0.105724 -0.027423 0.000000 0.102319 0.989208 -0.104876 0.082200 0.038215 0.101443 0.994107 0.000000 0.000000 0.000000 0.000000 1.000000
0.992908 -0.116793 -0.022206 0.000000 0.113584 0.987094 -0.112890 0.082200 0.035105 0.109567 0.993359 0.000000 0.000000 0.000000 0.000000 1.000000
0.992474 -0.121444 -0.015730 0.000000 0.118880 0.986316 -0.114231 0.082200 0.029388 0.111501 0.993330 0.000000 0.000000 0.000000 0.000000 1.000000
0.993352 -0.114843 -0.007935 0.000000 0.113255 0.987307 -0.111349 0.082200 0.020622 0.109710 0.993750 -0.000000 0.000000 0.000000 0.000000 1.000000
0.995389 -0.095910 0.001646 0.000000 0.095545 0.989789 -0.105779 0.082200 0.008516 0.105449 0.994388 0.000000 0.000000 0.000000 0.000000 1.000000
0.997656 -0.067224 0.012819 0.000000 0.068141 0.993142 -0.095004 0.082200 -0.006344 0.095654 0.995394 0.000000 0.000000 0.000000 0.000000 1.000000
0.999167 -0.032579 0.024585 -0.000000 0.034421 0.996308 -0.078650 0.082200 -0.021932 0.079431 0.996599 0.000000 0.000000 0.000000 0.000000 1.000000
0.999350 -0.000323 0.036053 -0.000000 0.002561 0.998069 -0.062057 0.082200 -0.035963 0.062109 0.997421 0.000000 0.000000 0.000000 0.000000 1.000000
0.998623 0.025393 0.045903 -0.000000 -0.023139 0.998532 -0.048975 0.082200 -0.047080 0.047845 0.997745 0.000000 0.000000 0.000000 0.000000 1.000000
0.997226 0.052538 0.052723 -0.000000 -0.050476 0.997936 -0.039707 0.082200 -0.054701 0.036936 0.997819 0.000000 0.000000 0.000000 0.000000 1.000000
0.994427 0.089743 0.055324 -0.000000 -0.087812 0.995472 -0.036401 0.082200 -0.058340 0.031340 0.997805 0.000000 0.000000 0.000000 0.000000 1.000000
0.989312 0.135804 0.053100 -0.000000 -0.133856 0.990246 -0.038671 0.082200 -0.057834 0.031150 0.997840 0.000000 0.000000 0.000000 0.000000 1.000000
0.982001 0.182872 0.047244 0.000000 -0.181057 0.982649 -0.040251 0.082200 -0.053785 0.030972 0.998072 -0.000000 0.000000 0.000000 0.000000 1.000000
0.974943 0.218940 0.039379 -0.000000 -0.217332 0.975221 -0.041357 0.082200 -0.047458 0.031762 0.998368 -0.000000 0.000000 0.000000 0.000000 1.000000
0.971912 0.233329 0.030732 0.000000 -0.231933 0.971776 -0.043104 0.082200 -0.039922 0.034766 0.998598 0.000000 0.000000 0.000000 0.000000 1.000000
0.974225 0.224521 0.021806 0.000000 -0.223451 0.973764 -0.043062 0.082200 -0.030902 0.037080 0.998834 0.000000 0.000000 0.000000 0.000000 1.000000
0.979828 0.199465 0.012277 0.000000 -0.198814 0.979168 -0.041257 0.082200 -0.020250 0.037984 0.999073 -0.000000 0.000000 0.000000 0.000000 1.000000
0.986185 0.165634 0.002110 0.000000 -0.165408 0.985363 -0.041238 0.082200 -0.008910 0.040320 0.999147 -0.000000 0.000000 0.000000 0.000000 1.000000
0.992165 0.124671 -0.008140 -0.000000 -0.124912 0.991148 -0.044966 0.082200 0.002462 0.045631 0.998955 0.000000 0.000000 0.000000 0.000000 1.000000
0.996621 0.080210 -0.017662 -0.000000 -0.081040 0.995314 -0.052754 0.082200 0.013348 0.054008 0.998451 0.000000 0.000000 0.000000 0.000000 1.000000
0.998824 0.041528 -0.025034 -0.000000 -0.043094 0.996912 -0.065649 0.082200 0.022230 0.066651 0.997529 0.000000 0.000000 0.000000 0.000000 1.000000
0.999600 0.004363 -0.027945 0.000000 -0.006609 0.996708 -0.080808 0.082200 0.027500 0.080960 0.996338 0.000000 0.000000 0.000000 0.000000 1.000000</float_array>
        <technique_common>
          <accessor source="#mixamorig_Spine1-Matrix-animation-output-transform-array" count="72" stride="16">
            <param type="float4x4"/>
          </accessor>
        </technique_common>
      </source>
      <source id="mixamorig_Spine1-Interpolations">
        <Name_array id="mixamorig_Spine1-Interpolations-array" count="72">
 LINEAR LINEAR LINEAR LINEAR LINEAR LINEAR LINEAR LINEAR LINEAR LINEAR LINEAR
LINEAR LINEAR LINEAR LINEAR LINEAR LINEAR LINEAR LINEAR LINEAR LINEAR LINEAR LINEAR
LINEAR LINEAR LINEAR LINEAR LINEAR LINEAR LINEAR LINEAR LINEAR LINEAR LINEAR LINEAR
LINEAR LINEAR LINEAR LINEAR LINEAR LINEAR LINEAR LINEAR LINEAR LINEAR LINEAR LINEAR
